00006103
00007572
00007962
00010292
00008437
00009560
00010624
00009488
00002309
00006514
00006607
00008037
00008446
00008090
00007906
00009966
00008408
00006567
00008322
00009165
00010412
00005641
00008950
00009002
00009072
00008867
00000592
00004671
00009969
00007161
00008240
00010662
00007848
00010709
00008576
00008840
00003136
00008695
00009553
00008138
00010155
00009840
00010270
00009604
00006253
00008928
00000355
00010429
00007635
00009527
00007834
00000883
00005551
00010138
00006493
00006940
00009333
00010472
00007073
00010075
00007176
00003281
00010617
00006538
00008455
00010387
00010620
00005459
00007862
00007021
00007192
00008684
00010422
00009992
00009074
00008092
00008617
00006249
00008403
00010107
00009373
00010311
00008270
00010300
00009848
00008317
00010590
00010347
00010838
00010444
00008443
00000930
00009073
00008493
00005573
00008754
00005931
00008476
00009539
00009358
00010539
00005553
00009666
00006815
00007645
00008889
00009583
00007065
00006687
00007864
00009375
00009910
00008987
00008295
00008410
00007671
00004401
00008395
00010101
00008249
00007140
00007386
00008794
00010419
00008134
00006894
00006801
00009158
00009736
00010052
00007323
00007026
00002744
00009526
00010736
00008644
00008929
00005745
00009676
00009853
00007666
00006694
00009977
00006473
00009710
00009147
00009051
00009453
00009725
00006533
00008656
00009842
00006927
00007067
00003101
00010674
00008130
00006980
00010544
00001819
00005765
00006123
00006805
00010022
00010095
00007805
00006917
00007732
00010501
00008459
00009151
00006906
00007267
00007656
00005522
00003593
00003667
00009029
00009945
00009105
00003005
00010085
00007972
00010460
00010442
00010586
00008602
00008066
00006622
00007813
00005461
00009622
00010715
00010017
00000767
00007331
00008194
00007600
00003612
00008570
